SDPA start at [Mon Sep 20 09:37:51 2021]
param  is ./param.sdpa 
data   is sdp.dat  : dense
"sdp problem"
out    is sdp.out
NumThreads  is set as 1
Schur computation : DENSE 
   mu      thetaP  thetaD  objP      objD      alphaP  alphaD  beta 
 0 1.0e+004 1.0e+000 1.0e+000 -0.00e+000 +3.92e+002 8.4e-001 1.0e+000 2.00e-001
 1 2.2e+003 1.6e-001 2.0e-002 +1.13e+000 +8.26e+002 5.3e-001 1.0e+000 2.00e-001
 2 1.4e+003 7.7e-002 2.0e-002 +1.65e+000 +4.82e+003 1.8e-001 5.7e-001 8.83e-001
 3 1.9e+003 6.3e-002 2.0e-002 +5.13e+000 +8.53e+004 1.8e-001 5.7e-001 8.83e-001

phase.value  = pdINF     
   Iteration = 3
          mu = +1.9396249084105134e+003
relative gap = +1.9997592399346649e+000
        gap  = -8.5278987892791178e+004
     digits  = -3.0097771213305263e-001
objValPrimal = +5.1335616525156098e+000
objValDual   = +8.5284121454443695e+004
p.feas.error = +6.3764243030769112e+000
d.feas.error = +1.0000000000000000e+000
total time   = 0.037963
** Paramters **
maxIteration = 100
epsilonStar  = +9.9999999999999995e-008
lambdaStar   = +1.0000000000000000e+002
omegaStar    = +2.0000000000000000e+000
lowerBound   = -1.0000000000000000e+005
upperBound   = +1.0000000000000000e+005
betaStar     = +1.0000000000000001e-001
betaBar      = +2.0000000000000001e-001
gammaStar    = +9.0000000000000002e-001
epsilonDash  = +9.9999999999999995e-008
xPrint       = %+8.3e 
XPrint       = %+8.3e 
YPrint       = %+8.3e 
infPrint     = %+10.16e 

                         Time(sec)  Ratio(% : MainLoop) 
 Predictor time  =       0.005002,  27.804336
 Corrector time  =       0.002998,  16.664814
 Make bMat time  =       0.001001,  5.564202
 Make bDia time  =       0.000000,  0.000000
 Make bF1  time  =       0.000000,  0.000000
 Make bF2  time  =       0.000000,  0.000000
 Make bF3  time  =       0.000000,  0.000000
 Make bPRE time  =       0.000000,  0.000000
 Make rMat time  =       0.000000,  0.000000
 Make gVec Mul   =       0.002002,  11.128405
 Make gVec time  =       0.002002,  11.128405
 Cholesky bMat   =       0.000999,  5.553085
 Ste Pre time    =       0.000000,  0.000000
 Ste Cor time    =       0.006995,  38.882713
 solve           =       0.000000,  0.000000
 sumDz           =       0.000999,  5.553085
 makedX          =       0.001002,  5.569761
 symmetriseDx    =       0.001000,  5.558644
 makedXdZ        =       0.003001,  16.681490
 xMatTime        =       0.000000,  0.000000
 zMatTime        =       0.000000,  0.000000
 invzMatTime     =       0.000000,  0.000000
 xMatzMatTime    =       0.000000,  0.000000
 EigxMatTime     =       0.002993,  16.637021
 EigzMatTime     =       0.004002,  22.245692
 EigxMatzMatTime =       0.000000,  0.000000
 updateRes       =       0.000000,  0.000000
 EigTime         =       0.006995,  38.882713
 sub_total_bMat  =       0.016989,  94.435798
 Main Loop       =       0.017990,  100.000000
 File Check      =       0.000000,  0.000000
 File Change     =       0.000000,  0.000000
 File Read       =       0.019973,  111.022790
 Total           =       0.037963,  211.022790

xVec = 
{+4.357e+000,+7.769e-001,-1.545e-100,-1.545e-100,-1.545e-100,-1.545e-100,-1.545e-100,-1.545e-100,-1.545e-100,-1.545e-100}
xMat = 
{
{ {+5.376e+000,-9.369e-001,-9.369e-001,-9.369e-001,+8.530e-001,-9.369e-001,-9.369e-001,-9.369e-001,-9.369e-001,-9.369e-001,-9.369e-001,+1.630e+000,-9.369e-001,-9.369e-001,-9.369e-001,-9.369e-001 },
  {-9.369e-001,+5.376e+000,+1.630e+000,-9.369e-001,-9.369e-001,-9.369e-001,-9.369e-001,-9.369e-001,-9.369e-001,+8.530e-001,-9.369e-001,-9.369e-001,-9.369e-001,-9.369e-001,-9.369e-001,-9.369e-001 },
  {-9.369e-001,+1.630e+000,+5.376e+000,-9.369e-001,-9.369e-001,-9.369e-001,-9.369e-001,-9.369e-001,+8.530e-001,-9.369e-001,-9.369e-001,-9.369e-001,-9.369e-001,-9.369e-001,-9.369e-001,+1.630e+000 },
  {-9.369e-001,-9.369e-001,-9.369e-001,+5.376e+000,-9.369e-001,-9.369e-001,+1.630e+000,+0.000e+000,+0.000e+000,+0.000e+000,+0.000e+000,-4.403e-003,+0.000e+000,+1.790e+000,+0.000e+000,+0.000e+000 },
  {+8.530e-001,-9.369e-001,-9.369e-001,-9.369e-001,+6.313e+000,+0.000e+000,+0.000e+000,+3.885e-001,+2.178e+000,+0.000e+000,+7.354e-002,+0.000e+000,+0.000e+000,+0.000e+000,+0.000e+000,-2.178e+000 },
  {-9.369e-001,-9.369e-001,-9.369e-001,-9.369e-001,+0.000e+000,+5.925e+000,+2.178e+000,+0.000e+000,+0.000e+000,+0.000e+000,+0.000e+000,+0.000e+000,+3.949e-001,-2.178e+000,+3.885e-001,+0.000e+000 },
  {-9.369e-001,-9.369e-001,-9.369e-001,+1.630e+000,+0.000e+000,+2.178e+000,+6.313e+000,+0.000e+000,+0.000e+000,+0.000e+000,+0.000e+000,+2.178e+000,+3.885e-001,+0.000e+000,+7.354e-002,+0.000e+000 },
  {-9.369e-001,-9.369e-001,-9.369e-001,+0.000e+000,+3.885e-001,+0.000e+000,+0.000e+000,+6.387e+000,+0.000e+000,+2.178e+000,-3.885e-001,+0.000e+000,+0.000e+000,+0.000e+000,+0.000e+000,+0.000e+000 },
  {-9.369e-001,-9.369e-001,+8.530e-001,+0.000e+000,+2.178e+000,+0.000e+000,+0.000e+000,+0.000e+000,+6.313e+000,-7.996e-002,+0.000e+000,+0.000e+000,-2.178e+000,+0.000e+000,+0.000e+000,+0.000e+000 },
  {-9.369e-001,+8.530e-001,-9.369e-001,+0.000e+000,+0.000e+000,+0.000e+000,+0.000e+000,+2.178e+000,-7.996e-002,+6.313e+000,-2.178e+000,-8.569e-001,+0.000e+000,+0.000e+000,+0.000e+000,+0.000e+000 },
  {-9.369e-001,-9.369e-001,-9.369e-001,+0.000e+000,+7.354e-002,+0.000e+000,+0.000e+000,-3.885e-001,+0.000e+000,-2.178e+000,+6.313e+000,+0.000e+000,+0.000e+000,-7.996e-002,+0.000e+000,+0.000e+000 },
  {+1.630e+000,-9.369e-001,-9.369e-001,-4.403e-003,+0.000e+000,+0.000e+000,+2.178e+000,+0.000e+000,+0.000e+000,-8.569e-001,+0.000e+000,+6.313e+000,+0.000e+000,+0.000e+000,-2.178e+000,-8.569e-001 },
  {-9.369e-001,-9.369e-001,-9.369e-001,+0.000e+000,+0.000e+000,+3.949e-001,+3.885e-001,+0.000e+000,-2.178e+000,+0.000e+000,+0.000e+000,+0.000e+000,+6.313e+000,+7.996e-002,+0.000e+000,+2.178e+000 },
  {-9.369e-001,-9.369e-001,-9.369e-001,+1.790e+000,+0.000e+000,-2.178e+000,+0.000e+000,+0.000e+000,+0.000e+000,+0.000e+000,-7.996e-002,+0.000e+000,+7.996e-002,+4.135e+000,+0.000e+000,+8.569e-001 },
  {-9.369e-001,-9.369e-001,-9.369e-001,+0.000e+000,+0.000e+000,+3.885e-001,+7.354e-002,+0.000e+000,+0.000e+000,+0.000e+000,+0.000e+000,-2.178e+000,+0.000e+000,+0.000e+000,+6.313e+000,+0.000e+000 },
  {-9.369e-001,-9.369e-001,+1.630e+000,+0.000e+000,-2.178e+000,+0.000e+000,+0.000e+000,+0.000e+000,+0.000e+000,+0.000e+000,+0.000e+000,-8.569e-001,+2.178e+000,+8.569e-001,+0.000e+000,+6.313e+000 }   }
}
yMat = 
{
{ {+2.950e+003,+2.191e+003,+2.011e+003,+1.253e+003,+5.418e+002,+1.363e+003,+4.714e+002,+9.022e+002,+8.125e+002,+8.653e+002,+1.390e+003,+4.568e+002,+9.977e+002,+1.379e+003,+1.169e+003,+3.856e+002 },
  {+2.191e+003,+2.277e+003,+1.436e+003,+1.076e+003,+6.018e+002,+1.166e+003,+3.133e+002,+7.812e+002,+6.660e+002,+5.425e+002,+1.142e+003,+5.743e+002,+8.219e+002,+1.158e+003,+1.033e+003,+4.165e+002 },
  {+2.011e+003,+1.436e+003,+2.026e+003,+9.929e+002,+5.371e+002,+1.100e+003,+2.802e+002,+6.866e+002,+4.053e+002,+7.276e+002,+1.116e+003,+5.260e+002,+7.897e+002,+1.137e+003,+9.676e+002,+4.881e+001 },
  {+1.253e+003,+1.076e+003,+9.929e+002,+1.088e+003,+4.354e+002,+7.334e+002,-3.730e+001,+4.176e+002,+2.945e+002,+3.846e+002,+6.324e+002,+3.294e+002,+4.501e+002,+4.135e+002,+5.628e+002,+2.374e+002 },
  {+5.418e+002,+6.018e+002,+5.371e+002,+4.354e+002,+6.035e+002,+3.719e+002,+4.405e+001,+1.864e+002,-7.915e+001,+1.844e+002,+3.386e+002,+1.978e+002,+1.492e+002,+2.934e+002,+3.121e+002,+3.065e+002 },
  {+1.363e+003,+1.166e+003,+1.100e+003,+7.334e+002,+3.719e+002,+1.133e+003,-1.173e+001,+4.492e+002,+3.478e+002,+4.217e+002,+6.729e+002,+3.672e+002,+4.380e+002,+9.094e+002,+5.527e+002,+2.004e+002 },
  {+4.714e+002,+3.133e+002,+2.802e+002,-3.730e+001,+4.405e+001,-1.173e+001,+4.526e+002,+1.567e+002,+1.126e+002,+1.024e+002,+2.484e+002,-1.575e+002,+1.597e+002,+2.336e+002,+1.682e+002,+3.298e+000 },
  {+9.022e+002,+7.812e+002,+6.866e+002,+4.176e+002,+1.864e+002,+4.492e+002,+1.567e+002,+6.521e+002,+2.436e+002,+6.160e+001,+4.425e+002,+1.782e+002,+3.278e+002,+4.538e+002,+3.911e+002,+1.122e+002 },
  {+8.125e+002,+6.660e+002,+4.053e+002,+2.945e+002,-7.915e+001,+3.478e+002,+1.126e+002,+2.436e+002,+6.259e+002,+2.137e+002,+3.832e+002,+1.337e+002,+4.988e+002,+3.733e+002,+3.213e+002,+1.929e+001 },
  {+8.653e+002,+5.425e+002,+7.276e+002,+3.846e+002,+1.844e+002,+4.217e+002,+1.024e+002,+6.160e+001,+2.137e+002,+6.817e+002,+6.339e+002,+2.571e+002,+3.087e+002,+4.327e+002,+3.885e+002,+8.465e+001 },
  {+1.390e+003,+1.142e+003,+1.116e+003,+6.324e+002,+3.386e+002,+6.729e+002,+2.484e+002,+4.425e+002,+3.832e+002,+6.339e+002,+1.021e+003,+3.444e+002,+4.890e+002,+6.777e+002,+5.885e+002,+1.957e+002 },
  {+4.568e+002,+5.743e+002,+5.260e+002,+3.294e+002,+1.978e+002,+3.672e+002,-1.575e+002,+1.782e+002,+1.337e+002,+2.571e+002,+3.444e+002,+5.935e+002,+2.054e+002,+3.168e+002,+5.070e+002,+1.395e+002 },
  {+9.977e+002,+8.219e+002,+7.897e+002,+4.501e+002,+1.492e+002,+4.380e+002,+1.597e+002,+3.278e+002,+4.988e+002,+3.087e+002,+4.890e+002,+2.054e+002,+7.625e+002,+4.796e+002,+4.250e+002,-9.523e+001 },
  {+1.379e+003,+1.158e+003,+1.137e+003,+4.135e+002,+2.934e+002,+9.094e+002,+2.336e+002,+4.538e+002,+3.733e+002,+4.327e+002,+6.777e+002,+3.168e+002,+4.796e+002,+1.337e+003,+5.693e+002,+9.531e+001 },
  {+1.169e+003,+1.033e+003,+9.676e+002,+5.628e+002,+3.121e+002,+5.527e+002,+1.682e+002,+3.911e+002,+3.213e+002,+3.885e+002,+5.885e+002,+5.070e+002,+4.250e+002,+5.693e+002,+8.734e+002,+1.975e+002 },
  {+3.856e+002,+4.165e+002,+4.881e+001,+2.374e+002,+3.065e+002,+2.004e+002,+3.298e+000,+1.122e+002,+1.929e+001,+8.465e+001,+1.957e+002,+1.395e+002,-9.523e+001,+9.531e+001,+1.975e+002,+4.929e+002 }   }
}
    main loop time = 0.017990
        total time = 0.037963
  file  check time = 0.000000
  file change time = 0.000000
  file   read time = 0.019973
SDPA end at [Mon Sep 20 09:37:51 2021]
ALL TIME = 0.052966
