SDPA start at [Mon Sep 20 16:30:45 2021]
param  is ./param.sdpa 
data   is sdp.dat  : dense
"sdp problem"
out    is sdp.out
NumThreads  is set as 1
Schur computation : DENSE 
   mu      thetaP  thetaD  objP      objD      alphaP  alphaD  beta 
 0 1.0e+004 1.0e+000 1.0e+000 -0.00e+000 +2.00e+002 9.0e-001 1.0e+000 2.00e-001
 1 1.4e+003 1.0e-001 5.5e-014 +9.53e-002 +2.82e+002 8.6e-001 9.0e+001 2.00e-001
 2 7.2e+003 1.5e-002 8.6e-012 +1.05e-001 +1.35e+004 6.0e-001 9.0e+001 2.00e-001
 3 1.1e+005 6.0e-003 9.4e-010 +1.05e-001 +2.18e+006 6.0e-001 9.0e+001 2.00e-001

phase.value  = dUNBD     
   Iteration = 3
          mu = +1.0757232293244608e+005
relative gap = +1.9999998060764748e+000
        gap  = -2.1758802986851246e+006
     digits  = -3.0102995355402068e-001
objValPrimal = +1.0548860468679994e-001
objValDual   = +2.1758804041737295e+006
p.feas.error = +6.0002882609407693e-001
d.feas.error = +3.5164230034745447e-011
total time   = 0.007922
** Paramters **
maxIteration = 100
epsilonStar  = +9.9999999999999995e-008
lambdaStar   = +1.0000000000000000e+002
omegaStar    = +2.0000000000000000e+000
lowerBound   = -1.0000000000000000e+005
upperBound   = +1.0000000000000000e+005
betaStar     = +1.0000000000000001e-001
betaBar      = +2.0000000000000001e-001
gammaStar    = +9.0000000000000002e-001
epsilonDash  = +9.9999999999999995e-008
xPrint       = %+8.3e 
XPrint       = %+8.3e 
YPrint       = %+8.3e 
infPrint     = %+10.16e 

                         Time(sec)  Ratio(% : MainLoop) 
 Predictor time  =       0.003932,  56.689735
 Corrector time  =       0.000999,  14.403114
 Make bMat time  =       0.001968,  28.373702
 Make bDia time  =       0.000000,  0.000000
 Make bF1  time  =       0.000000,  0.000000
 Make bF2  time  =       0.000000,  0.000000
 Make bF3  time  =       0.000000,  0.000000
 Make bPRE time  =       0.000000,  0.000000
 Make rMat time  =       0.000000,  0.000000
 Make gVec Mul   =       0.000000,  0.000000
 Make gVec time  =       0.000000,  0.000000
 Cholesky bMat   =       0.000576,  8.304498
 Ste Pre time    =       0.000000,  0.000000
 Ste Cor time    =       0.000000,  0.000000
 solve           =       0.000000,  0.000000
 sumDz           =       0.000000,  0.000000
 makedX          =       0.000000,  0.000000
 symmetriseDx    =       0.001356,  19.550173
 makedXdZ        =       0.001356,  19.550173
 xMatTime        =       0.001002,  14.446367
 zMatTime        =       0.000000,  0.000000
 invzMatTime     =       0.000000,  0.000000
 xMatzMatTime    =       0.000000,  0.000000
 EigxMatTime     =       0.000000,  0.000000
 EigzMatTime     =       0.000000,  0.000000
 EigxMatzMatTime =       0.000000,  0.000000
 updateRes       =       0.000000,  0.000000
 EigTime         =       0.000000,  0.000000
 sub_total_bMat  =       0.004968,  71.626298
 Main Loop       =       0.006936,  100.000000
 File Check      =       0.000000,  0.000000
 File Change     =       0.000000,  0.000000
 File Read       =       0.000986,  14.215686
 Total           =       0.007922,  114.215686

xVec = 
{+1.509e-019,-0.000e+000,+3.893e+000,-0.000e+000,-3.000e-007,-0.000e+000,-3.892e+000,-0.000e+000,-2.363e-006,-0.000e+000}
xMat = 
{
{ {+1.000e-001,-1.182e-006,-1.500e-007,-1.383e-006,+0.000e+000,+0.000e+000,+0.000e+000,+0.000e+000 },
  {-1.182e-006,+5.970e-001,+3.511e-006,+1.500e-007,+0.000e+000,+0.000e+000,+0.000e+000,+0.000e+000 },
  {-1.500e-007,+3.511e-006,+5.970e-001,+1.182e-006,+0.000e+000,+0.000e+000,+0.000e+000,+0.000e+000 },
  {-1.383e-006,+1.500e-007,+1.182e-006,+1.000e-001,+0.000e+000,+0.000e+000,+0.000e+000,+0.000e+000 },
  {+0.000e+000,+0.000e+000,+0.000e+000,+0.000e+000,+1.000e-001,-1.182e-006,-1.500e-007,-1.383e-006 },
  {+0.000e+000,+0.000e+000,+0.000e+000,+0.000e+000,-1.182e-006,+5.970e-001,+3.511e-006,+1.500e-007 },
  {+0.000e+000,+0.000e+000,+0.000e+000,+0.000e+000,-1.500e-007,+3.511e-006,+5.970e-001,+1.182e-006 },
  {+0.000e+000,+0.000e+000,+0.000e+000,+0.000e+000,-1.383e-006,+1.500e-007,+1.182e-006,+1.000e-001 }   }
}
yMat = 
{
{ {+1.088e+006,+9.400e-003,+1.200e-003,+6.775e-003,+0.000e+000,+0.000e+000,+0.000e+000,+0.000e+000 },
  {+9.400e-003,+1.781e+005,+8.425e-003,-1.200e-003,+0.000e+000,+0.000e+000,+0.000e+000,+0.000e+000 },
  {+1.200e-003,+8.425e-003,+1.781e+005,-9.400e-003,+0.000e+000,+0.000e+000,+0.000e+000,+0.000e+000 },
  {+6.775e-003,-1.200e-003,-9.400e-003,+1.088e+006,+0.000e+000,+0.000e+000,+0.000e+000,+0.000e+000 },
  {+0.000e+000,+0.000e+000,+0.000e+000,+0.000e+000,+1.088e+006,+9.400e-003,+1.200e-003,+6.775e-003 },
  {+0.000e+000,+0.000e+000,+0.000e+000,+0.000e+000,+9.400e-003,+1.781e+005,+8.425e-003,-1.200e-003 },
  {+0.000e+000,+0.000e+000,+0.000e+000,+0.000e+000,+1.200e-003,+8.425e-003,+1.781e+005,-9.400e-003 },
  {+0.000e+000,+0.000e+000,+0.000e+000,+0.000e+000,+6.775e-003,-1.200e-003,-9.400e-003,+1.088e+006 }   }
}
    main loop time = 0.006936
        total time = 0.007922
  file  check time = 0.000000
  file change time = 0.000000
  file   read time = 0.000986
SDPA end at [Mon Sep 20 16:30:45 2021]
ALL TIME = 0.020910
